New York,6.5864353607283415e-09,40.6943,-73.9249
Los Angeles,5.7551810447982275e-09,26.4947,-97.7863
Chicago,5.59780665158392e-09,41.8373,-87.6862
San Francisco,2.8728168378055643e-09,37.7562,-122.443
Boston,1.7003599872317245e-09,40.312,-79.8237
Seattle,1.3055538486474674e-09,47.6211,-122.3244
Houston,9.154627311815735e-10,38.9174,-75.5039
Dallas,5.074451436568965e-10,45.2591,-91.8142
Detroit,3.4037748771521455e-10,33.6601,-95.2665
Honolulu,3.4037746256248707e-10,21.3294,-157.846
Miami,1.7311820413373505e-16,25.7839,-80.2102
Portland,1.2892741109655773e-16,27.8913,-97.328
Las Vegas,1.148367998071079e-16,35.6011,-105.2206
Orlando,1.0263580277575454e-16,28.4772,-81.3369
Atlanta,1.0047443176051514e-16,33.1136,-94.1672
Denver,8.631343794164444e-17,35.5344,-81.034
Phoenix,8.153156910138693e-17,43.2316,-76.2961
Jackson,7.950913792337503e-17,43.3244,-88.1668
Columbus,7.635003694760008e-17,43.3354,-89.03
Charlotte,7.566789317186946e-17,28.8593,-98.7006
Salt Lake City,6.759341252590373e-17,40.7774,-111.93
San Diego,6.750167240203125e-17,27.7609,-98.2389
Rochester,6.076727095188755e-17,46.8288,-123.0722
Minneapolis,5.579754251621939e-17,44.9635,-93.2678
Austin,4.7844750818982486e-17,30.3006,-97.7517
Philadelphia,4.745553135676749e-17,35.6791,-84.3998
Tampa,4.5646471414613744e-17,27.9942,-82.4451
Sacramento,4.4358754532360005e-17,32.7917,-105.5723
Jacksonville,4.4191229685020003e-17,30.3322,-81.6749
Nashville,4.045583444786688e-17,35.9693,-77.9552
Indianapolis,3.889404245572313e-17,39.7771,-86.1458
Raleigh,3.8558447363926875e-17,29.4479,-82.468
San Juan,3.766188780505875e-17,26.1903,-98.152
San Jose,3.731383074313125e-17,36.0367,-106.1004
Charleston,3.6913671932187507e-17,38.3484,-81.6323
Pittsburgh,3.6837088875238126e-17,40.4396,-79.9763
Cleveland,3.638630834490125e-17,43.9177,-87.7469
New Orleans,2.996759068533187e-17,30.0687,-89.9288
San Antonio,2.7471122508375004e-17,28.3394,-82.2787
Kansas City,2.6819073011950634e-17,39.1239,-94.5541
Albany,2.6519135257682517e-17,42.7069,-89.4367
Santa Ana,2.6478339662637515e-17,33.7366,-117.8819
Springfield,2.4703702211660004e-17,42.6407,-88.4135
Reno,2.4089944224444995e-17,33.6659,-95.4768
Grand Rapids,2.333448750483626e-17,41.4077,-83.868
Buffalo,2.2837105660105003e-17,38.6117,-81.982
Milwaukee,2.2605017905416878e-17,43.0642,-87.9673
Omaha,2.2470761700437503e-17,33.182,-94.7402
Kahului,2.1942949971893746e-17,20.8715,-156.4603
Madison,2.097917200676251e-17,43.0827,-89.3923
Richmond,2.0735387455058752e-17,29.5824,-95.7602
Syracuse,2.027109265294563e-17,40.6635,-96.1827
Newark,1.975930515171e-17,39.6776,-75.7573
Norfolk,1.9474525069215627e-17,42.0328,-97.4209
Columbia,1.806203216574e-17,40.926,-75.0945
Palm Springs,1.774416649414875e-17,26.6349,-80.0968
Louisville,1.7395242315963755e-17,40.9975,-96.1612
Burlington,1.72942565606e-17,48.4677,-122.3298
El Paso,1.72681839257125e-17,31.8479,-106.4309
Des Moines,1.663133733595125e-17,47.3914,-122.3154
Albuquerque,1.65928189193925e-17,35.1053,-106.6464
Memphis,1.6335649415697505e-17,27.5435,-82.5607
Boise,1.563147483273125e-17,43.6007,-116.2312
Aspen,1.5524237316123748e-17,39.1948,-106.837
Savannah,1.485882433877312e-17,33.2257,-96.9081
Green Bay,1.4249799341758754e-17,44.515,-87.9896
Spokane,1.3806875737362498e-17,47.6671,-117.433
Bozeman,1.3239361800138748e-17,45.6828,-111.0549
Cedar Rapids,1.314583714983625e-17,41.5589,-98.1493
Fresno,1.2825993507409997e-17,29.5357,-95.4693
Eugene,1.2214645463613747e-17,44.0563,-123.1173
Burbank,1.1921789042759372e-17,46.1991,-118.9728
Dayton,1.184838990263e-17,46.3168,-117.9769
Oklahoma City,1.176878382881625e-17,35.4676,-97.5137
Sarasota,1.15997683643425e-17,27.3386,-82.543
Key West,1.0791355324517499e-17,24.5637,-81.7768
Tulsa,1.0341549163285e-17,36.1284,-95.9043
Appleton,1.0051444460305e-17,44.2774,-88.3894
Lihue,9.609549767921248e-18,21.9728,-159.3541
Eagle,9.08743524350625e-18,42.879,-88.4696
Greensboro,9.0612127473875e-18,30.5705,-84.7324
Akron,8.872732542336249e-18,43.0179,-78.4978
South Bend,8.77885409714625e-18,46.668,-123.8008
Montrose,8.752760440757498e-18,39.0674,-79.8144
Santa Barbara,8.752471896731248e-18,34.4285,-119.7202
Traverse City,8.7370871899025e-18,44.7547,-85.6035
Peoria,8.5235710269e-18,39.6649,-104.1456
Moline,8.48180411965625e-18,41.4821,-90.4919
Knoxville,7.982286513416249e-18,35.9692,-83.9496
Manchester,7.701104716971249e-18,47.5519,-122.5517
Lexington,7.63312499798e-18,30.4147,-97.0093
Little Rock,7.567502793030001e-18,34.7255,-92.358
Fort Wayne,7.29430811324625e-18,41.0885,-85.1436
Kalamazoo,7.2525412060025e-18,42.2749,-85.5882
Lansing,7.2525412060025e-18,36.4989,-81.5098
Sioux Falls,7.25098066374125e-18,43.5397,-96.7321
Evansville,7.2092137564975e-18,42.7781,-89.2967
Medford,7.055960859332498e-18,45.1366,-90.3437
Flint,6.99725813575625e-18,43.0235,-83.6922
Charlottesville,6.99725813575625e-18,38.0375,-78.4855
Anchorage,6.987398749956251e-18,61.1508,-149.1091
Providence,6.3474038498337494e-18,41.823,-71.4187
Birmingham,6.032745312632501e-18,40.6472,-78.1957
Harrisburg,5.7679952221024996e-18,35.3126,-80.649
Allentown,5.7679952221024996e-18,30.7736,-87.0808
Imperial,5.755180895545e-18,31.2668,-102.6947
Monterey,5.75279399201875e-18,31.4436,-91.7191
Melbourne,5.75279399201875e-18,28.1085,-80.6627
Fargo,5.7246677725975e-18,46.8653,-96.8292
Hailey,5.321634677813749e-18,43.5141,-114.3
Redding,5.029816024786249e-18,40.5698,-122.365
Aguadilla,4.939826287927499e-18,18.4382,-67.1536
Lubbock,4.648488619055e-18,33.5642,-101.8871
Bloomington,4.32521614544625e-18,42.8933,-90.9265
Pensacola,4.221810886022501e-18,30.4427,-87.1886
Dubuque,4.19835488145375e-18,42.5007,-90.7067
Lincoln,4.19835488145375e-18,46.7677,-100.6997
Harlingen,4.0074319547725e-18,40.4494,-74.6585
Huntsville,3.8491739548962505e-18,30.705,-95.5545
Pasco,3.65570014457e-18,46.2506,-119.1303
Saginaw,3.1392806812974995e-18,32.8657,-97.3652
Bismarck,2.925764518295e-18,46.814,-100.7695
Asheville,2.925764518295e-18,35.5704,-82.5537
La Crosse,2.8839976110512498e-18,43.8241,-91.2268
Erie,2.8839976110512498e-18,47.1154,-97.3879
White Plains,2.8839976110512498e-18,36.4451,-80.6351
Hancock,2.7989032543025e-18,44.1333,-89.5209
Eau Claire,2.7989032543025e-18,44.82,-91.4951
Muskegon,2.7989032543025e-18,43.2281,-86.2562
Paducah,2.7989032543025e-18,34.0144,-100.3038
Roanoke,2.7989032543025e-18,33.0148,-97.2268
Toledo,2.7989032543025e-18,46.4414,-122.8496
Kalispell,2.3786169552812502e-18,48.2156,-114.3261
Mammoth Lakes,2.15699938406625e-18,37.6273,-118.99
Panama City,1.8820397990737503e-18,30.1995,-85.6003
Chattanooga,1.6531741551362499e-18,35.0657,-85.2487
Manhattan,1.6531741551362499e-18,40.7834,-73.9662
Lafayette,1.6517732756575e-18,30.2084,-92.0323
Ponce,1.6466087626424997e-18,18.012,-66.6198
Worcester,1.6466087626424997e-18,42.2705,-71.8079
Bangor,1.6466087626424997e-18,43.8937,-90.9935
Fairbanks,1.6319422135500002e-18,64.8353,-147.6534
Shreveport,1.5497688957124999e-18,32.4659,-93.7959
Joplin,1.52631289114375e-18,37.0759,-94.5006
Corpus Christi,1.524912011665e-18,27.7261,-97.3755
Hilo,1.43879522388625e-18,19.6886,-155.0864
Watertown,1.39945162715125e-18,43.1893,-88.7285
Sioux City,1.39945162715125e-18,42.4959,-96.3901
Lewisburg,1.39945162715125e-18,37.8096,-80.4327
Waterloo,1.39945162715125e-18,43.1835,-88.99
Meridian,1.39945162715125e-18,31.9261,-97.65
Baton Rouge,1.3980507476725e-18,30.4419,-91.131
Bellingham,1.3055537708400001e-18,48.7543,-122.4687
Juneau,1.3055537708400001e-18,43.4053,-88.7041
Missoula,1.232887856115e-18,46.8685,-114.0095
Lake Charles,1.169185103735e-18,30.2022,-93.2141
Brownsville,1.169185103735e-18,43.6145,-88.4952
Mobile,1.169185103735e-18,30.6782,-88.1163
Laredo,1.0671807237899999e-18,27.5617,-99.4874
Augusta,9.7704121106125e-19,44.6784,-91.1203
Amarillo,9.65176343845e-19,35.1989,-101.831
Killeen,9.65176343845e-19,31.0755,-97.7297
Bakersfield,8.450654241724997e-19,35.353,-119.0359
College Station,8.383150798524999e-19,30.5852,-96.296
Billings,7.796381494125e-19,36.5313,-97.4342
Alexandria,7.1145381586e-19,31.2923,-92.4702
Tyler,6.343063199624999e-19,32.3184,-95.3065
Durango,6.0944943591499995e-19,37.2744,-107.8703
Abilene,5.074450559699999e-19,32.4543,-99.7384
Monroe,4.825881719225e-19,47.8596,-121.9853
San Angelo,3.805837919775e-19,31.4426,-100.4501
Lawton,3.805837919775e-19,48.3036,-98.3684
Wichita,3.805837919775e-19,37.6897,-97.3441
Wichita Falls,3.805837919775e-19,33.9072,-98.529
Fort Smith,3.805837919775e-19,35.3493,-94.3695
Montgomery,3.805837919775e-19,38.1741,-81.3241
Gunnison,3.5572690793000003e-19,38.5455,-106.9226
Helena,3.2638844271000004e-19,33.2846,-86.8756
Grand Junction,2.5372252798499997e-19,35.05,-89.1889
Santa Fe,2.5372252798499997e-19,35.6619,-105.9819
Texarkana,2.5372252798499997e-19,33.4487,-94.0815
Roswell,2.5372252798499997e-19,33.373,-104.5294
Hobbs,2.288656439375e-19,32.7282,-103.16
Ithaca,1.701887134975e-19,41.1593,-96.5394
Cheyenne,1.2686126399249999e-19,41.1405,-104.7927
Waco,1.2686126399249999e-19,31.5597,-97.1882
Tallahassee,1.2686126399249999e-19,30.4551,-84.2527
Rapid City,1.2686126399249999e-19,44.8366,-85.2871
Flagstaff,1.2686126399249999e-19,35.1872,-111.6195
Garden City,1.2686126399249999e-19,31.8674,-101.4864
Gainesville,1.2686126399249999e-19,29.6804,-82.3458
Grand Island,1.2686126399249999e-19,40.9214,-98.3584
Alpena,8.509435674875e-20,36.2896,-93.3038
Newburgh,8.509435674875e-20,41.5037,-74.0205
Escanaba,8.509435674875e-20,45.7477,-87.09
Pellston,8.509435674875e-20,45.5519,-84.783
Binghamton,8.509435674875e-20,42.1014,-75.9093
